#The top20predictions:
Number  Residue1  Residue2  Score
1       2         4         0.9401    
2       2         3         0.9383    
3       1         2         0.9329    
4       3         4         0.9164    
5       4         5         0.9160    
6       2         5         0.9010    
7       6         8         0.8966    
8       4         6         0.8929    
9       7         8         0.8712    
10      1         5         0.8664    
11      6         7         0.8600    
12      4         8         0.8186    
13      8         9         0.8149    
14      1         3         0.7964    
15      5         7         0.7773    
16      5         8         0.7719    
17      1         4         0.7280    
18      5         6         0.7238    
19      1         6         0.6668    
20      3         6         0.6539    
